nan
3.528000000000000000e+03
nan
1.500000000000000000e+04
1.500000000000000000e+04
1.500000000000000000e+04
1.500000000000000000e+04
1.500000000000000000e+04
1.500000000000000000e+04
nan
1.500000000000000000e+04
nan
3.812500000000000000e+03
nan
1.500000000000000000e+04
1.500000000000000000e+04
1.500000000000000000e+04
1.500000000000000000e+04
1.500000000000000000e+04
1.500000000000000000e+04
1.500000000000000000e+04
1.500000000000000000e+04
nan
5.082500000000000000e+02
5.067500000000000000e+02
nan
5.125000000000000000e+02
nan
1.500000000000000000e+04
1.500000000000000000e+04
1.500000000000000000e+04
1.500000000000000000e+04
1.500000000000000000e+04
1.500000000000000000e+04
1.500000000000000000e+04
1.500000000000000000e+04
1.500000000000000000e+04
1.500000000000000000e+04
1.500000000000000000e+04
1.500000000000000000e+04
1.500000000000000000e+04
1.500000000000000000e+04
1.500000000000000000e+04
1.500000000000000000e+04
1.500000000000000000e+04
1.500000000000000000e+04
1.500000000000000000e+04
1.500000000000000000e+04
1.500000000000000000e+04
1.500000000000000000e+04
1.500000000000000000e+04
1.500000000000000000e+04
1.500000000000000000e+04
1.500000000000000000e+04
1.500000000000000000e+04
1.500000000000000000e+04
1.500000000000000000e+04
1.500000000000000000e+04
1.500000000000000000e+04
1.500000000000000000e+04
1.500000000000000000e+04
1.500000000000000000e+04
1.500000000000000000e+04
1.500000000000000000e+04
1.500000000000000000e+04
1.500000000000000000e+04
1.500000000000000000e+04
1.500000000000000000e+04
1.500000000000000000e+04
1.500000000000000000e+04
1.500000000000000000e+04
1.500000000000000000e+04
1.500000000000000000e+04
1.500000000000000000e+04
1.500000000000000000e+04
1.500000000000000000e+04
1.500000000000000000e+04
1.500000000000000000e+04
1.500000000000000000e+04
1.500000000000000000e+04
1.500000000000000000e+04
1.500000000000000000e+04
1.500000000000000000e+04
1.500000000000000000e+04
1.500000000000000000e+04
nan
1.000000000000000000e+03
nan
9.747500000000000000e+02
9.527500000000000000e+02
9.435000000000000000e+02
nan
9.545000000000000000e+02
9.750000000000000000e+02
nan
1.500000000000000000e+04
1.500000000000000000e+04
1.500000000000000000e+04
1.500000000000000000e+04
1.500000000000000000e+04
1.500000000000000000e+04
nan
1.500000000000000000e+04
1.500000000000000000e+04
1.500000000000000000e+04
1.500000000000000000e+04
1.500000000000000000e+04
1.500000000000000000e+04
1.500000000000000000e+04
1.500000000000000000e+04
1.500000000000000000e+04
1.500000000000000000e+04
1.500000000000000000e+04
1.500000000000000000e+04
1.500000000000000000e+04
1.500000000000000000e+04
1.500000000000000000e+04
1.500000000000000000e+04
1.500000000000000000e+04
1.500000000000000000e+04
1.500000000000000000e+04
1.500000000000000000e+04
1.500000000000000000e+04
1.500000000000000000e+04
1.500000000000000000e+04
1.500000000000000000e+04
1.500000000000000000e+04
1.500000000000000000e+04
1.500000000000000000e+04
1.500000000000000000e+04
1.500000000000000000e+04
1.500000000000000000e+04
1.500000000000000000e+04
1.500000000000000000e+04
1.500000000000000000e+04
1.500000000000000000e+04
1.500000000000000000e+04
1.500000000000000000e+04
1.500000000000000000e+04
1.500000000000000000e+04
1.500000000000000000e+04
1.500000000000000000e+04
1.500000000000000000e+04
1.500000000000000000e+04
1.500000000000000000e+04
1.500000000000000000e+04
1.500000000000000000e+04
1.500000000000000000e+04
1.500000000000000000e+04
1.500000000000000000e+04
1.500000000000000000e+04
1.500000000000000000e+04
1.500000000000000000e+04
1.500000000000000000e+04
1.500000000000000000e+04
1.500000000000000000e+04
1.500000000000000000e+04
1.500000000000000000e+04
1.500000000000000000e+04
1.500000000000000000e+04
1.500000000000000000e+04
1.500000000000000000e+04
1.500000000000000000e+04
1.500000000000000000e+04
nan
6.250000000000000000e+02
nan
6.212500000000000000e+02
6.182500000000000000e+02
nan
1.500000000000000000e+04
nan
6.460000000000000000e+02
nan
6.447500000000000000e+02
6.447500000000000000e+02
6.465000000000000000e+02
nan
1.500000000000000000e+04
1.500000000000000000e+04
1.500000000000000000e+04
1.500000000000000000e+04
1.500000000000000000e+04
1.500000000000000000e+04
1.500000000000000000e+04
1.500000000000000000e+04
1.500000000000000000e+04
1.500000000000000000e+04
1.500000000000000000e+04
1.500000000000000000e+04
1.500000000000000000e+04
1.500000000000000000e+04
1.500000000000000000e+04
1.500000000000000000e+04
1.500000000000000000e+04
1.500000000000000000e+04
1.500000000000000000e+04
1.500000000000000000e+04
1.500000000000000000e+04
1.500000000000000000e+04
1.500000000000000000e+04
1.500000000000000000e+04
1.500000000000000000e+04
1.500000000000000000e+04
1.500000000000000000e+04
1.500000000000000000e+04
1.500000000000000000e+04
1.500000000000000000e+04
1.500000000000000000e+04
1.500000000000000000e+04
1.500000000000000000e+04
1.500000000000000000e+04
1.500000000000000000e+04
1.500000000000000000e+04
1.500000000000000000e+04
1.500000000000000000e+04
1.500000000000000000e+04
1.500000000000000000e+04
1.500000000000000000e+04
1.500000000000000000e+04
1.500000000000000000e+04
1.500000000000000000e+04
1.500000000000000000e+04
1.500000000000000000e+04
1.500000000000000000e+04
1.500000000000000000e+04
1.500000000000000000e+04
1.500000000000000000e+04
1.500000000000000000e+04
1.500000000000000000e+04
1.500000000000000000e+04
1.500000000000000000e+04
1.500000000000000000e+04
1.500000000000000000e+04
1.500000000000000000e+04
1.500000000000000000e+04
1.500000000000000000e+04
1.500000000000000000e+04
1.500000000000000000e+04
1.500000000000000000e+04
1.500000000000000000e+04
1.500000000000000000e+04
1.500000000000000000e+04
1.500000000000000000e+04
1.500000000000000000e+04
1.500000000000000000e+04
1.500000000000000000e+04
1.500000000000000000e+04
1.500000000000000000e+04
1.500000000000000000e+04
1.500000000000000000e+04
1.500000000000000000e+04
1.500000000000000000e+04
1.500000000000000000e+04
1.500000000000000000e+04
1.500000000000000000e+04
1.500000000000000000e+04
1.500000000000000000e+04
1.500000000000000000e+04
1.500000000000000000e+04
nan
1.500000000000000000e+04
nan
1.296500000000000000e+03
nan
1.279500000000000000e+03
1.269000000000000000e+03
1.260500000000000000e+03
nan
1.500000000000000000e+04
1.500000000000000000e+04
1.500000000000000000e+04
1.500000000000000000e+04
nan
6.475000000000000000e+02
nan
1.500000000000000000e+04
1.500000000000000000e+04
1.500000000000000000e+04
1.500000000000000000e+04
1.500000000000000000e+04
1.500000000000000000e+04
1.500000000000000000e+04
1.500000000000000000e+04
1.500000000000000000e+04
nan
8.397500000000000000e+02
nan
8.265000000000000000e+02
8.095000000000000000e+02
7.972500000000000000e+02
nan
7.825000000000000000e+02
7.695000000000000000e+02
nan
7.587500000000000000e+02
nan
1.500000000000000000e+04
nan
6.275000000000000000e+02
nan
6.235000000000000000e+02
6.262500000000000000e+02
6.255000000000000000e+02
nan
1.500000000000000000e+04
1.500000000000000000e+04
1.500000000000000000e+04
nan
1.500000000000000000e+04
1.500000000000000000e+04
1.500000000000000000e+04
1.500000000000000000e+04
1.500000000000000000e+04
nan
1.500000000000000000e+04
nan
2.016000000000000000e+03
nan
1.978500000000000000e+03
1.942000000000000000e+03
1.909750000000000000e+03
nan
1.880500000000000000e+03
1.853750000000000000e+03
nan
1.825250000000000000e+03
1.794000000000000000e+03
nan
1.500000000000000000e+04
1.500000000000000000e+04
nan
1.500000000000000000e+04
nan
1.428000000000000000e+03
nan
1.447750000000000000e+03
1.460250000000000000e+03
nan
1.500000000000000000e+04
nan
1.500000000000000000e+04
1.500000000000000000e+04
nan
1.468500000000000000e+03
nan
1.500000000000000000e+04
1.500000000000000000e+04
1.500000000000000000e+04
nan
1.500000000000000000e+04
1.500000000000000000e+04
nan
1.873750000000000000e+03
nan
1.500000000000000000e+04
1.500000000000000000e+04
1.500000000000000000e+04
nan
1.500000000000000000e+04
